Latitude,Longitude
51.12897805,-113.9623052
51.12897805,-113.9623052
51.12897805,-113.9623052
51.18720527,-114.0913849
51.18720535,-114.0912748
51.18596154,-114.0896826
51.18647421,-114.0893332
51.18715684,-114.0900812
51.18719248,-114.0904945
51.18685637,-114.08919
51.18619089,-114.0895305
51.18709423,-114.0896699
51.02869701,-114.1004774
50.86140545,-114.0591131
50.86202576,-114.0591084
50.86221456,-114.0591071
51.16948568,-113.9517441
51.16905378,-113.9507778
51.1698089,-113.9507778
51.16940886,-113.9507778
51.17006987,-113.9514323
51.1713551,-113.950778
51.17006987,-113.9514323
51.17033928,-113.9507779
51.16970102,-113.9507778
51.17006987,-113.9514323
51.17146297,-113.950778
51.16925155,-113.9507778
51.17089663,-113.9507779
51.17074381,-113.9507779
51.1704921,-113.9507779
51.17006987,-113.9514323
51.17006987,-113.9514323
51.16944108,-113.9526058
51.16935126,-113.952779
51.16952655,-113.9527785
51.169899,-113.9512743
51.16964729,-113.9512743
51.17110339,-113.9507779
51.17006987,-113.9514323
51.17006987,-113.9514323
51.03562324,-113.9100963
51.03562324,-113.9100963
51.05640486,-114.1088722
51.05735824,-114.1083588
51.05683702,-114.1081695
50.86461415,-113.9488382
51.18670465,-114.0493749
51.18670447,-114.049802
51.18670414,-114.0505662
51.01788383,-114.1266659
50.8747358,-114.077594
51.14146804,-114.2544709
51.14140433,-114.2548307
51.14114931,-114.2542866
51.14142968,-114.2555738
51.14108073,-114.2548184
51.14120104,-114.2553013
51.14126625,-114.2542503
51.14135247,-114.2559355
51.17494625,-114.1498189
51.17544067,-114.1498205
51.17540523,-114.14942
51.17529286,-114.1494196
51.17512655,-114.1494191
51.17478444,-114.1498183
51.17571934,-114.1498235
51.1749108,-114.1494184
51.17516649,-114.1498196
51.02136604,-114.0948712
50.86847852,-114.0287898
50.86863133,-114.0288707
50.86871682,-114.0285481
50.86839304,-114.0291186
50.86844242,-114.029381
50.86915711,-114.0294101
51.0287169,-114.1220718
51.0390408,-113.9803243
51.06825638,-114.0832352
51.07041654,-114.0980901
51.07041654,-114.0980901
51.02995411,-114.1209979
51.02995345,-114.1216302
51.13752397,-113.9665915
51.13750577,-113.9658281
51.13770806,-113.9659368
50.87477956,-113.9981786
50.87445143,-113.999749
50.87484697,-113.9978494
50.87439748,-113.9979044
50.8747436,-113.9983513
50.87462224,-113.9989274
50.87419521,-113.9988664
50.87434355,-114.0002508
50.87410981,-113.9992881
50.87427613,-114.00058
50.87497282,-113.9972526
50.87388506,-114.0003693
50.87468966,-113.9985982
50.87439749,-113.9999959
50.87432556,-113.9982579
50.87401092,-113.9997527
51.07386012,-114.1019454
51.15321636,-113.9366243
51.15321636,-113.9366243
51.15321636,-113.9366243
51.15321175,-113.936408
51.15321636,-113.9366243
51.15378692,-113.9361064
51.15321636,-113.9366243
51.15321636,-113.9366243
51.15321636,-113.9366243
51.15321636,-113.9366243
51.15321636,-113.9366243
51.15344105,-113.9365355
51.15382343,-113.9371295
51.14731677,-113.9621701
51.14731651,-113.9613746
51.14702905,-113.9620183
51.1470289,-113.9615433
51.1473167,-113.9619522
51.14731692,-113.9626377
51.14702922,-113.9625207
51.14702931,-113.9628218
51.16422338,-113.9440814
51.16422338,-113.9440814
51.16422338,-113.9440814
51.16422338,-113.9440814
51.16422338,-113.9440814
51.16446602,-113.9439216
51.16422338,-113.9440814
51.16422338,-113.9440814
51.16422338,-113.9440814
51.16463171,-113.9426351
51.16422287,-113.9430277
51.16424965,-113.9426358
51.16513973,-113.9428696
50.91606622,-114.1410294
50.91606443,-114.142504
50.91606527,-114.1418133
50.91606388,-114.1429537
50.91606794,-114.1433099
50.91606495,-114.1420714
50.91606555,-114.1415826
50.91606599,-114.1412174
51.0582997,-114.1061457
51.05799892,-114.1057298
51.18676641,-114.0765973
51.18651037,-114.0763506
51.18713919,-114.0770284
51.18671251,-114.0765408
51.18699547,-114.0768618
51.1859222,-114.0753524
51.18532889,-114.0753519
51.18525218,-114.0758193
51.18514461,-114.0753518
51.18587686,-114.0759561
51.18604312,-114.0760314
51.186093,-114.0753526
51.18542747,-114.0758342
51.18640763,-114.0753555
51.18559375,-114.0758657
51.1857106,-114.0758969
51.18561206,-114.0753522
51.06981497,-114.0713338
51.08162172,-114.0571598
51.08162437,-114.0570158
51.0513873,-114.1053767
50.86844155,-113.9540056
50.86897208,-113.9543132
50.86906201,-113.9543932
51.07255853,-114.0603255
51.07255853,-114.0603255
51.02502592,-114.1042005
50.86521211,-113.9778665
50.86579154,-113.9757473
50.86571964,-113.9758368
50.86554446,-113.9764655
50.86516244,-113.9767468
50.86652425,-113.9758753
50.86481196,-113.9773995
50.86522086,-113.9766309
50.86543205,-113.9762747
50.86495575,-113.9771055
50.86550845,-113.9762047
50.86573319,-113.9761482
50.86646135,-113.9759919
50.86620973,-113.9764949
50.86513568,-113.9777859
50.86633104,-113.9762047
50.86620956,-113.9756664
50.86483894,-113.9774429
50.86590411,-113.9767111
50.86513568,-113.9777859
50.86547735,-113.9780911
50.86625452,-113.9757066
50.86600746,-113.976498
51.14369557,-113.9674754
51.14369562,-113.9676847
51.14369548,-113.9671715
51.14408227,-113.9680348
51.1443832,-113.9672369
51.14478773,-113.9672373
51.14408211,-113.9674437
51.14369576,-113.9681759
51.14458097,-113.9672371
51.14408233,-113.968243
51.15123896,-114.0429095
51.15118068,-114.0425157
51.15074939,-114.0419234
51.1502549,-114.0421013
51.150839,-114.0427188
51.15093804,-114.0422833
51.15176497,-114.0426067
51.15041219,-114.0421816
51.15141431,-114.0427872
51.15068157,-114.0430325
51.15041659,-114.0424522
51.15089279,-114.0431224
51.15135172,-114.0418403
51.04069608,-113.9076939
51.04078121,-113.9073493
51.04068603,-113.9063636
51.04095035,-113.9052741
51.04107559,-113.9045254
51.04099064,-113.9050799
51.04100074,-113.9064486
51.04084731,-113.9057043
51.04082601,-113.9071655
51.04123371,-113.9055072
51.04113515,-113.9059139
51.02860515,-114.1376922
51.15604803,-113.9561324
51.15604803,-113.9561324
51.15578749,-113.9565682
51.15604803,-113.9561324
51.15283042,-113.9377697
51.15247534,-113.9377698
51.15234499,-113.9377707
51.1518146,-113.937769
51.15151346,-113.9377735
51.03683132,-114.122097
51.03657842,-114.1220961
51.06835927,-114.0899619
51.06975715,-114.0899887
51.06952379,-114.0895007
50.86435327,-113.9763855
51.15327653,-113.9611907
51.1530516,-113.9605981
51.15328046,-113.9595259
51.153838,-113.960043
51.1534243,-113.9595225
51.15342897,-113.9600469
51.1855769,-114.0666316
51.18617467,-114.0666972
51.18575666,-114.0666853
50.87725595,-114.0092259
50.87698175,-114.009227
50.87681544,-114.0092277
50.87654574,-114.0092288
51.1732644,-114.1395691
51.17315423,-114.1377082
51.17349487,-114.1385221
51.17357477,-114.1393704
51.17314827,-114.1389464
51.17325912,-114.1402224
51.17302058,-114.1404866
51.17306198,-114.1396986
51.17316721,-114.1381416
51.02650111,-114.2104158
51.02720169,-114.2107565
51.02589451,-114.2102975
51.02677941,-114.2106243
51.02712078,-114.2107598
51.02632144,-114.2103459
51.02542669,-114.2104945
51.02559323,-114.2103654
51.02751634,-114.2107562
51.02607877,-114.2103148
50.86984958,-113.9568664
50.87001594,-113.9570009
50.87045658,-113.9573472
50.87012835,-113.9570938
51.16568158,-114.1433974
51.16539895,-114.1429513
51.1651884,-114.1423759
51.05262477,-114.0986471
51.05262513,-114.0982183
51.00883174,-114.1031777
51.16293955,-113.9384626
51.16371715,-113.9384625
51.16329913,-113.9384626
51.16342499,-113.9384625
51.07092793,-114.0741632
51.070429,-114.0741746
51.07305786,-114.1600456
50.87492328,-114.005431
50.87492329,-114.0052491
50.87492326,-114.0059595
50.87492327,-114.0056128
50.87492766,-114.0075166
50.87492768,-114.0072561
50.8749276,-114.0083754
50.87492322,-114.0065748
50.87568294,-114.0053238
50.87492764,-114.0078638
50.87492758,-114.0086358
50.87492332,-114.0046421
50.87536829,-114.0053222
50.87560191,-114.0075373
50.87542661,-114.007538
51.03205778,-114.096803
51.03154108,-114.0965552
51.02377357,-114.0969773
51.02377357,-114.0969773
51.02331537,-114.0966428
51.01004852,-114.114283
51.1846069,-114.0918935
51.18461058,-114.0929248
51.18461024,-114.0933457
51.18461083,-114.0926095
51.04186074,-113.9993181
51.01801258,-114.1056709
51.01822386,-114.1056516
51.0386837,-114.0292341
51.0386837,-114.0292341
51.15903359,-113.9384632
51.15910101,-113.9384632
51.15855714,-113.9384633
51.15818408,-113.93847
51.16073225,-113.9377683
51.15976174,-113.9384631
51.16020635,-113.9377593
50.89351567,-113.94597
50.89372238,-113.9458285
50.89311528,-113.9452417
50.89313851,-113.946882
50.89316533,-113.9465484
50.89372273,-113.9465859
50.89304817,-113.945909
50.89325028,-113.9455555
50.89372219,-113.9454281
51.08478712,-114.1801533
51.08478712,-114.1801533
51.07104481,-114.0871687
51.07195028,-114.1064614
51.07195028,-114.1064614
51.16076347,-114.1476712
51.16045808,-114.1474714
51.07106067,-114.0899677
51.07331876,-114.0935569
51.07331876,-114.0935569
51.07331876,-114.0935569
51.07331876,-114.0935569
51.0301608,-114.1334516
51.04490471,-114.144201
51.17280528,-114.1363052
51.1727612,-114.1355623
51.17247822,-114.1353982
51.17192631,-114.1345724
51.17208363,-114.1345728
51.17213667,-114.1353545
51.17243276,-114.1358388
51.17263145,-114.135045
51.1715352,-114.1346288
51.17213286,-114.1347583
51.1722814,-114.1345734
51.1791206,-114.0895653
51.17936282,-114.0902132
51.17866703,-114.0890354
51.17893666,-114.0891127
51.17865383,-114.0886638
51.17890915,-114.089816
51.17921041,-114.089679
51.17878351,-114.0895494
51.17920108,-114.0901247
51.07495007,-114.1633837
51.07443346,-114.1631697
51.07390405,-114.1624664
51.0741149,-114.1627585
51.18345672,-114.1165833
50.8703796,-113.9558397
51.13431003,-113.9660509
51.13468759,-113.9660496
51.13408979,-113.966051
51.0348169,-114.1216404
50.8672391,-113.9485522
50.86732439,-113.9482801
50.85984713,-114.0030834
50.86008984,-114.0035705
50.85961789,-114.0026847
50.85926729,-114.0021924
50.86033255,-114.0041539
50.85813007,-114.0008804
50.85866047,-114.001483
50.85893017,-114.0017858
50.85835931,-114.0011398
50.85935719,-114.0023092
50.85888073,-114.0017303
51.052478,-114.044845
51.08558538,-114.1842037
51.08558538,-114.1842037
51.08558538,-114.1842037
51.08558538,-114.1842037
51.05950644,-114.0362621
51.13477786,-113.967333
51.13524082,-113.967332
51.00814516,-114.1117151
51.02871038,-114.1399158
51.07644706,-114.0676397
51.05727863,-114.1332092
51.11476694,-113.9140665
51.11501731,-113.9122556
51.11501912,-113.9147107
51.11501821,-113.9134742
51.11476682,-113.9138968
51.11476552,-113.9121462
51.11501877,-113.9142271
51.11501743,-113.9124253
51.11476614,-113.9129872
51.11501937,-113.9150498
51.11476584,-113.9125737
51.11501773,-113.9128224
51.11501846,-113.9138093
51.11501791,-113.9130607
51.11476657,-113.913566
51.11501853,-113.9138963
51.02470663,-114.135087
51.04545892,-114.1355637
51.1751407,-114.168765
51.17487777,-114.1671878
51.1751415,-114.1682072
51.17513349,-114.1675256
51.17469354,-114.1671457
51.03611197,-114.1264281
51.036363,-114.1260132
51.03547649,-114.1138641
51.03524516,-114.1138572
51.03524516,-114.1138572
51.03879946,-114.1338796
51.03892981,-114.133887
51.03693195,-114.1395524
51.03666182,-114.139922
51.06849317,-114.1547584
51.06839052,-114.1546185
51.06810333,-114.1542594
51.0682839,-114.1536668
51.07073923,-114.0581394
51.02684449,-114.1403455
51.05943689,-114.0775596
51.0100531,-114.1094966
51.03425713,-114.0412329
51.1367868,-113.9533994
51.13700705,-113.9533992
51.03002178,-114.1117208
51.00858142,-114.1066379
51.04349509,-114.1427585
51.04358989,-114.1424235
51.01593995,-114.1011421
51.05826548,-114.0815959
51.07070183,-114.1605748
51.07126854,-114.1603163
51.07093316,-114.0920888
50.95756328,-114.004243
50.95742842,-114.0047142
50.95723062,-114.0051233
50.95755878,-114.0045138
51.06874636,-114.1574271
51.06902069,-114.1573209
51.03819702,-114.1452823
51.06201534,-114.1996306
51.06201534,-114.1996306
51.15212407,-113.9560914
51.15220527,-113.9568823
51.15209702,-113.9558865
51.15219623,-113.9567619
51.15196171,-113.954654
51.15199781,-113.955037
51.15194802,-113.9541278
51.03278044,-114.1032493
51.03636363,-114.1335408
51.00860646,-114.0742909
50.89099172,-113.9255162
50.89114455,-113.9255151
50.89027252,-113.9255191
50.89071753,-113.9255166
51.02897177,-114.1145178
51.02846379,-114.1145744
51.02687066,-114.0968429
51.07041308,-114.0960314
51.13280861,-113.9655156
51.03270236,-114.1191665
51.18999906,-114.067818
51.18999939,-114.0672416
51.18999888,-114.0681326
51.18999952,-114.0670275
51.03461308,-114.1187765
51.02870908,-114.0968243
51.02871133,-114.0961154
51.03641649,-114.0740085
51.02839811,-114.1259814
51.02840279,-114.1258085
51.00851628,-114.1090274
51.07041526,-114.0906781
50.86518906,-114.0249661
50.86534187,-114.0250631
50.86564738,-114.0257498
51.03614094,-114.1356624
50.92187523,-114.0832925
51.05426157,-114.0571717
51.05426157,-114.0571717
51.07232261,-114.0556784
51.02543881,-114.0997828
51.05448924,-114.0526329
51.03258709,-114.0736427
51.02126211,-114.062263
51.05698719,-114.0775523
51.0575628,-114.0771525
51.07250584,-114.0738198
51.05218708,-114.1152285
51.05467993,-114.1026885
51.07065657,-114.0767564
51.0706524,-114.0762472
51.03401936,-114.1191706
50.86287982,-114.0591041
51.03346627,-114.1002486
51.04313237,-114.1452992
51.01995135,-114.0988577
51.0563511,-114.0485216
51.0563511,-114.0485216
51.01049694,-114.1007915
51.0088392,-114.1144772
51.01474159,-114.1091543
51.07164371,-114.0603565
51.02359409,-114.1018972
51.02358031,-114.1022351
51.14997174,-113.9377702
51.14944136,-113.9377703
51.14967509,-113.9377716
51.15050212,-113.9377602
51.11065087,-114.2095282
51.11065087,-114.2095282
51.11065087,-114.2095282
51.11065087,-114.2095282
51.04207958,-113.9818678
51.04207958,-113.9818678
51.07773493,-114.0712567
51.06296753,-114.0485073
51.07072771,-114.0708638
51.07072771,-114.0708638
51.0449652,-113.9813485
51.0396712,-114.0978888
51.03512416,-114.1109906
51.04459894,-114.1427665
51.00858534,-114.0790805
51.00820329,-114.0790508
51.06373094,-114.0597605
51.05619883,-114.0505351
51.0240208,-114.137322
51.16957287,-114.0711645
51.00983992,-114.1115264
51.06913075,-114.1078405
51.06913075,-114.1078405
51.07077637,-114.1022734
51.05750297,-114.0971193
51.03614871,-114.1246486
51.02035629,-114.1035811
51.07272788,-114.1064745
51.07282169,-114.0641527
51.05334778,-114.0384672
51.07415856,-114.0998816
51.06935187,-114.0637905
51.0636497,-114.0509673
51.0939736,-114.2103399
51.0361541,-114.132023
51.02779063,-114.0966812
51.06824203,-114.1064631
51.06162591,-114.0534469
51.07597119,-114.1660115
51.05539054,-114.0556049
51.05777192,-114.0574388
51.06985072,-114.1584414
51.03450471,-114.1395553
51.02035532,-114.1046685
51.07679899,-114.1101075
51.07697628,-114.110478
51.13594569,-113.9645452
51.13559505,-113.964401
51.021532,-114.1006704
50.86689795,-113.949618
51.03858448,-114.0305665
51.03728675,-114.1014138
51.05846412,-114.0574644
51.0387407,-114.0979564
51.07772977,-114.0646831
50.9237967,-114.0865605
51.02478236,-114.1146915
51.08630471,-114.0668365
51.0363678,-114.102732
51.03191838,-114.1293794
51.03720985,-113.9726862
51.07706496,-114.055071
51.07706496,-114.055071
51.07528421,-114.0653281
51.07407011,-114.0603696
51.0570093,-114.0435687
51.06964625,-114.156745
51.0333615,-114.1250098
51.0698338,-114.0528002
51.0285844,-114.0620188
51.08086775,-114.2590511
